Element,  Z,   dZ,       a1,       a2,        a3,        a4,        a5,        b1,        b2,     b3,        b4,      b5
H1-,      1,  +1,      0.140E+0, 0.649E+0, 0.137E+1,  0.337E+0,  0.787E+0,  0.984E+0, 0.867E+1, 0.389E+2, 0.111E+3, 0.166E+3
H,        1,  0.0,     0.0349,   0.1201,   0.1970,    0.0573,    0.1195,    0.5347,   3.5867,   12.3471,  18.9525,  38.6269
He,       2,  0.0,     0.0317,   0.0838,   0.1526,    0.1334,    0.0164,    0.2507,   1.4751,   4.4938,   12.6646,  31.1653
Li,       3,  0.0,     0.0750,   0.2249,   0.5548,    1.4954,    0.9354,    0.3864,   2.9383,   15.3829,  53.5545,  138.7337
Li1+,     3,  -1,      0.460E-2, 0.165E-1, 0.435E-1,  0.649E-1,  0.270E-1,  0.358E-1, 0.239E+0, 0.879E+0, 0.264E+1, 0.709E+1
Li,       3,  0.0,     0.0750,   0.2249,   0.5548,    1.4954,    0.9354,    0.3864,   2.9383,   15.3829,  53.5545,  138.7337
Li1+,     3,  -1,      0.460E-2, 0.165E-1, 0.435E-1,  0.649E-1,  0.270E-1,  0.358E-1, 0.239E+0, 0.879E+0, 0.264E+1, 0.709E+1
Be,       4,  0.0,     0.0780,   0.2210,   0.6740,    1.3867,    0.6925,    0.3131,   2.2381,   10.1517,  30.9061,  78.3273
Be2+,     4,  -2,      0.340E-2, 0.103E-1, 0.233E-1,  0.325E-1,  0.120E-1,  0.267E-1, 0.162E+0, 0.531E+0, 0.148E+1, 0.388E+1
B,        5,  0.0,     0.0909,   0.2551,   0.7738,    1.2136,    0.4606,    0.2995,   2.1155,   8.3816,   24.1292,  63.1314
C,        6,  0.0,     0.0893,   0.2563,   0.7570,    1.0487,    0.3575,    0.2465,   1.7100,   6.4094,   18.6113,  50.2523
N,        7,  0.0,     0.1022,   0.3219,   0.7982,    0.8197,    0.1715,    0.2451,   1.7481,   6.1925,   17.3894,  48.1431
O1-,      8,  +1,      0.205E+0, 0.628E+0, 0.117E+1,  0.103E+1,  0.290E+0,  0.397E+0, 0.264E+1, 0.880E+1, 0.271E+2, 0.918E+2
O2-,      8,  +2,      0.421E-1, 0.210E+0, 0.852E+0,  0.182E+1,  0.117E+1,  0.609E-1, 0.559E+0, 0.296E+1, 0.115E+2, 0.377E+2
O,        8,  0.0,     0.0974,   0.2921,   0.6910,    0.6990,    0.2039,    0.2067,   1.3815,   4.6943,   12.7105,  32.4726
F1-,      9,  +1,      0.134E+0, 0.391E+0, 0.814E+0,  0.928E+0,  0.347E+0,  0.228E+0, 0.147E+1, 0.468E+1, 0.132E+2, 0.360E+2
F,        9,  0.0,     0.1083,   0.3175,   0.6487,    0.5846,    0.1421,    0.2057,   1.3439,   4.2788,   11.3932,  28.7881
Ne,       10, 0.0,     0.1269,   0.3535,   0.5582,    0.4674,    0.1460,    0.2200,   1.3779,   4.0203,   9.4934,   23.1278
Na,       11, 0.0,     0.2142,   0.6853,   0.7692,    1.6589,    1.4482,    0.3334,   2.3446,   10.0830,  48.3037,  138.2700
Na1+,     11, -1,      0.256E-1, 0.919E-1, 0.297E+0,  0.514E+0,  0.199E+0,  0.397E-1, 0.287E+0, 0.118E+1, 0.375E+1, 0.108E+2
Mg,       12, 0.0,     0.2314,   0.6866,   0.9677,    2.1882,    1.1339,    0.3278,   2.2720,   10.9241,  39.2898,  101.9748
Mg2+,     12, -2,      0.210E-1, 0.672E-1, 0.198E+0,  0.368E+0,  0.174E+0,  0.331E-1, 0.222E+0, 0.838E+0, 0.248E+1, 0.675E+1
Al,       13, 0.0,     0.2390,   0.6573,   1.2011,    2.5586,    1.2312,    0.3138,   2.1063,   10.4163,  34.4552,  98.5344
Al3+,     13, -3,      0.192E-1, 0.579E-1, 0.163E+0,  0.284E+0,  0.114E+0,  0.306E-1, 0.198E+0, 0.713E+0, 0.204E+1, 0.525E+1
Si,       14, 0.0,     0.2519,   0.6372,   1.3795,    2.5082,    1.0500,    0.3075,   2.0174,   9.6746,   29.3744,  80.4732
Si4+,     14, -4,      0.192E+0, 0.289E+0, 0.100E+0,  -0.728E-1, 0.120E-2,  0.359E+0, 0.196E+1, 0.934E+1, 0.111E+2, 0.134E+2
P,        15, 0.0,     0.2548,   0.6106,   1.4541,    2.3204,    0.8477,    0.2908,   1.8740,   8.5176,   24.3434,  63.2996
S,        16, 0.0,     0.2497,   0.5628,   1.3899,    2.1865,    0.7715,    0.2681,   1.6711,   7.0267,   19.5377,  50.3888
Cl1-,     17, +1,      0.265E+0, 0.596E+0, 0.160E+1,  0.269E+1,  0.123E+1,  0.252E+0, 0.156E+1, 0.621E+1, 0.178E+2, 0.478E+2
Cl,       17, 0.0,     0.2443,   0.5397,   1.3919,    2.0197,    0.6621,    0.2468,   1.5242,   6.1537,   16.6687,  42.3086
Ar,       18, 0.0,     0.2385,   0.5017,   1.3428,    1.8899,    0.6079,    0.2289,   1.3694,   5.2561,   14.0928,  35.5361
K,        19, 0.0,     0.4115,   -1.4031,  2.2784,    2.6742,    2.2162,    0.3703,   3.3874,   13.1029,  68.9592,  194.4329
K1+,      19, -1,      0.199E+0, 0.396E+0, 0.928E+0,  0.145E+1,  0.450E+0,  0.192E+0, 0.110E+1, 0.391E+1, 0.975E+1, 0.234E+2
Ca,       20, 0.0,     0.4054,   1.3880,   2.1602,    3.7532,    2.2063,    0.3499,   3.0991,   11.9608,  53.9353,  142.3892
Ca2+,     20, -2,      0.164E+0, 0.327E+0, 0.743E+0,  0.116E+1,  0.307E+0,  0.157E+0, 0.894E+0, 0.315E+1, 0.767E+1, 0.177E+2
Sc,       21, 0.0,     0.3787,   1.2181,   2.0594,    3.2618,    2.3870,    0.3133,   2.5856,   9.5813,   41.7688,  116.7282
Sc3+,     21, -3,      0.163E+0, 0.307E+0, 0.716E+0,  0.880E+0,  0.139E+0,  0.157E+0, 0.899E+0, 0.306E+1, 0.705E+1, 0.161E+2
Ti,       22, 0.0,     0.3825,   1.2598,   2.0008,    3.0617,    2.0694,    0.3040,   2.4863,   9.2783,   39.0751,  109.4583
Ti2+,     22, -2,      0.399E+0, 0.104E+1, 0.121E+1,  -0.797E-1, 0.352E+0,  0.376E+0, 0.274E+1, 0.810E+1, 0.142E+2, 0.232E+2
Ti3+,     22, -3,      0.364E+0, 0.919E+0, 0.135E+1,  -0.933E+0, 0.589E+0,  0.364E+0, 0.267E+1, 0.818E+1, 0.118E+2, 0.149E+2
T14+,     22, -4,      0.116E+0, 0.256E+0, 0.565E+0,  0.772E+0,  0.132E+0,  0.108E+0, 0.655E+0, 0.238E+1, 0.551E+1, 0.123E+2
V,        23, 0.0,     0.3876,   1.2750,   1.9109,    2.8314,    1.8979,    0.2967,   2.3780,   8.7981,   35.9528,  101.7201
V2+,      23, -2,      0.317E+0, 0.939E+0, 0.149E+1,  -0.131E+1, 0.147E+1,  0.269E+0, 0.209E+1, 0.722E+1, 0.152E+2, 0.176E+2
V3+,      23, -3,      0.341E+0, 0.805E+0, 0.942E+0,  0.783E-1,  0.156E+0,  0.321E+0, 0.223E+1, 0.599E+1, 0.134E+2, 0.169E+2
V5+,      23, -5,      0.367E-1, 0.124E+0, 0.244E+0,  0.723E+0,  0.435E+0,  0.330E-1, 0.222E+0, 0.824E+0, 0.280E+1, 0.670E+1
Cr,       24, 0.0,     0.4046,   1.3696,   1.8941,    2.0800,    1.2196,    0.2986,   2.3958,   9.1406,   37.4701,  113.7121
Cr2+,     24, -2,      0.237E+0, 0.634E+0, 0.123E+1,  0.713E+0,  0.859E-1,  0.177E+0, 0.135E+1, 0.430E+1, 0.122E+2, 0.390E+2
Cr3+,     24, -3,      0.393E+0, 0.105E+1, 0.162E+1,  -0.115E+1, 0.407E+0,  0.359E+0, 0.257E+1, 0.868E+1, 0.110E+2, 0.158E+2
Cr4+,     24, -4,      0.132E+0, 0.292E+0, 0.703E+0,  0.692E+0,  0.959E-1,  0.109E+0, 0.695E+0, 0.239E+1, 0.565E+1, 0.147E+2
Mn,       25, 0.0,     0.3796,   1.2094,   1.7815,    2.5420,    1.5937,    0.2699,   2.0455,   7.4726,   31.0604,  91.5622
Mn2+,     25, -2,      0.576E-1, 0.210E+0, 0.604E+0,  0.132E+1,  0.659E+0,  0.398E-1, 0.284E+0, 0.129E+1, 0.423E+1, 0.145E+2
Mn3+,     25, -3,      0.116E+0, 0.523E+0, 0.881E+0,  0.589E+0,  0.214E+0,  0.117E-1, 0.876E+0, 0.306E+1, 0.644E+1, 0.143E+2
Mn4+,     25, -4,      0.381E+0, 0.183E+1, -0.133E+1, 0.995E+0,  0.618E-1,  0.354E+0, 0.272E+1, 0.347E+1, 0.547E+1, 0.161E+2
Fe,       26, 0.0,     0.3946,   1.2725,   1.7031,    2.3140,    1.4795,    0.2717,   2.0443,   7.6007,   29.9714,  86.2265
Fe2+,     26, -2,      0.307E+0, 0.838E+0, 0.111E+1,  0.280E+0,  0.277E+0,  0.230E+0, 0.162E+1, 0.487E+1, 0.107E+2, 0.192E+2
Fe3+,     26, -3,      0.198E+0, 0.387E+0, 0.889E+0,  0.709E+0,  0.117E+0,  0.154E+0, 0.893E+0, 0.262E+1, 0.665E+1, 0.180E+2
Co,       27, 0.0,     0.4118,   1.3161,   1.6493,    2.1930,    1.2830,    0.2742,   2.0372,   7.7205,   29.9680,  84.9383
Co2+,     27, -2,      0.213E+0, 0.488E+0, 0.998E+0,  0.828E+0,  0.230E+0,  0.148E+0, 0.939E+0, 0.278E+1, 0.731E+1, 0.207E+2
Co3+,     27, -3,      0.331E+0, 0.487E+0, 0.729E+0,  0.608E+0,  0.131E+0,  0.267E+0, 0.141E+1, 0.289E+1, 0.645E+1, 0.158E+2
Ni,       28, 0.0,     0.3860,   1.1765,   1.5451,    2.0730,    1.3814,    0.2478,   1.7660,   6.3107,   25.2204,  74.3146
Ni2+,     28, -2,      0.338E+0, 0.982E+0, 0.132E+1,  -0.356E+1, 0.362E+1,  0.237E+0, 0.167E+1, 0.573E+1, 0.114E+2, 0.121E+2
Ni3+,     28, -3,      0.347E+0, 0.877E+0, 0.790E+0,  0.538E-1,  0.192E+0,  0.260E+0, 0.171E+1, 0.475E+1, 0.751E+1, 0.130E+2
Cu,       29, 0.0,     0.4314,   1.3208,   1.5236,    1.4671,    0.8562,    0.2694,   1.9223,   7.3474,   28.9892,  90.6246
Cu1+,     29, -1,      0.312E+0, 0.812E+0, 0.111E+1,  0.794E+0,  0.257E+0,  0.201E+0, 0.131E+1, 0.380E+1, 0.105E+2, 0.282E+2
Cu2+,     29, -2,      0.224E+0, 0.544E+0, 0.970E+0,  0.727E+0,  0.182E+0,  0.145E+0, 0.933E+0, 0.269E+1, 0.711E+1, 0.194E+2
Zn,       30, 0.0,     0.4288,   1.2646,   1.4472,    1.8294,    1.0934,    0.2593,   1.7998,   6.7500,   25.5860,  73.5284
Zn2+,     30, -2,      0.252E+0, 0.600E+0, 0.917E+0,  0.663E+0,  0.161E+0,  0.161E+0, 0.101E+1, 0.276E+1, 0.708E+1, 0.190E+2
Ga,       31, 0.0,     0.4818,   1.4032,   1.6561,    2.4605,    1.1054,    0.2825,   1.9785,   8.7546,   32.5238,  98.5523
Ga3+,     31, -3,      0.391E+0, 0.947E+0, 0.690E+0,  0.709E-1,  0.653E-1,  0.264E+0, 0.165E+1, 0.482E+1, 0.107E+2, 0.152E+2
Ge,       32, 0.0,     0.4655,   1.3014,   1.6088,    2.6998,    1.3003,    0.2647,   1.7926,   7.6071,   26.5541,  77.5238
Ge4+,     32, -4,      0.346E+0, 0.830E+0, 0.599E+0,  0.949E-1,  -0.217E-1, 0.232E+0, 0.145E+1, 0.408E+1, 0.132E+2, 0.295E+2
As,       33, 0.0,     0.4517,   1.2229,   1.5852,    2.7958,    1.2638,    0.2493,   1.6436,   6.8154,   22.3681,  62.0390
Se,       34, 0.0,     0.4477,   1.1678,   1.5843,    2.8087,    1.1956,    0.2405,   1.5442,   6.3231,   19.4610,  52.0233
Br1-,     35, +1,      0.125E+0, 0.563E+0, 0.143E+1,  0.352E+1,  0.322E+1,  0.530E-1, 0.469E+0, 0.215E+1, 0.111E+2, 0.389E+2
Br,       35, 0.0,     0.4798,   1.1948,   1.8695,    2.6953,    0.8203,    0.2504,   1.5963,   6.9653,   19.8492,  50.3233
Br1+,     37, -1,      0.368E+0, 0.884E+0, 0.114E+1,  0.226E+1,  0.881E+0,  0.187E+0, 0.112E+1, 0.398E+1, 0.109E+2, 0.266E+2
Kr,       36, 0.0,     0.4546,   1.0993,   1.7696,    2.7068,    0.8672,    0.2309,   1.4279,   5.9449,   16.6752,  42.2243
Rb,       37, 0.0,     1.0160,   2.8528,   3.5466,    -7.7804,   12.1148,   0.4853,   5.0925,   25.7851,  130.4515, 138.6775
Sr,       38, 0.0,     0.6703,   1.4926,   3.3368,    4.4600,    3.1501,    0.3190,   2.2287,   10.3504,  52.3291,  151.2216
Sr2+,     38, -2,      0.346E+0, 0.804E+0, 0.988E+0,  0.189E+1,  0.609E+0,  0.176E+0, 0.104E+1, 0.359E+1, 0.932E+1, 0.214E+2
Y,        39, 0.0,     0.6894,   1.5474,   3.2450,    4.2126,    2.9764,    0.3189,   2.2904,   10.0062,  44.0771,  125.0120
Y3+,      39, -3,      0.465E+0, 0.923E+0, 0.241E+1,  -0.231E+1, 0.248E+1,  0.240E+0, 0.143E+1, 0.645E+1, 0.997E+1, 0.122E+2
Zr,       40, 0.0,     0.6719,   1.4684,   3.1668,    3.9557,    2.8920,    0.3036,   2.1249,   8.9236,   36.8458,  108.2049
Zr4+,     40, -4,      0.234E+0, 0.642E+0, 0.747E+0,  0.147E+1,  0.377E+0,  0.113E+0, 0.736E+0, 0.254E+1, 0.672E+1, 0.147E+2
Nb,       41, 0.0,     0.6123,   1.2677,   3.0348,    3.3841,    2.3683,    0.2709,   1.7683,   7.2489,   27.9465,  98.5624
Nb3+,     41, -3,      0.377E+0, 0.749E+0, 0.129E+1,  0.161E+1,  0.481E+0,  0.184E+0, 0.102E+1, 0.380E+1, 0.944E+1, 0.257E+2
Nb5+,     41, -5,      0.828E-1, 0.271E+0, 0.654E+0,  0.124E+1,  0.829E+0,  0.369E-1, 0.261E+0, 0.957E+0, 0.394E+1, 0.944E+1
Mo,       42, 0.0,     0.6773,   1.4798,   3.1788,    3.0824,    1.8384,    0.2920,   2.0606,   8.1129,   30.5336,  100.0658
Mo3+,     42, -3,      0.401E+0, 0.756E+0, 0.138E+1,  0.158E+1,  0.497E+0,  0.191E+0, 0.106E+1, 0.384E+1, 0.938E+1, 0.246E+2
Mo5+,     42, -5,      0.479E+0, 0.846E+0, 0.156E+2,  -0.152E+2, 0.160E+1,  0.241E+0, 0.146E+1, 0.679E+1, 0.713E+1, 0.104E+2
Mo6+,     42, -6,      0.203E+0, 0.567E+0, 0.646E+0,  0.116E+1,  0.171E+0,  0.971E-1, 0.647E+0, 0.228E+1, 0.561E+1, 0.124E+2
Tc,       43, 0.0,     0.7082,   1.6392,   3.1993,    3.4327,    1.8711,    0.2976,   2.2106,   8.5246,   33.1456,  96.6377
Ru,       44, 0.0,     0.6735,   1.4934,   3.0966,    2.7254,    1.5597,    0.2773,   1.9716,   7.3249,   26.6891,  90.5581
Ru3+,     44, -3,      0.428E+0, 0.773E+0, 0.155E+1,  0.146E+1,  0.486E+0,  0.191E+0, 0.109E+1, 0.382E+1, 0.908E+1, 0.217E+2
Ru4+,     44, -4,      0.282E+0, 0.653E+0, 0.114E+1,  0.153E+1,  0.418E+0,  0.125E+0, 0.753E+0, 0.285E+1, 0.701E+1, 0.175E+2
Rh,       45, 0.0,     0.6413,   1.3690,   2.9854,    2.6952,    1.5433,    0.2580,   1.7721,   6.3854,   23.2549,  85.1517
Rh3+,     45, -3,      0.352E+0, 0.723E+0, 0.150E+1,  0.163E+1,  0.499E+0,  0.151E+0, 0.878E+0, 0.328E+1, 0.816E+1, 0.207E+2
Rh4+,     45, -4,      0.397E+0, 0.725E+0, 0.151E+1,  0.119E+1,  0.251E+0,  0.177E+0, 0.101E+1, 0.362E+1, 0.856E+1, 0.189E+2
Pd,       46, 0.0,     0.5904,   1.1775,   2.6519,    2.2875,    0.8689,    0.2324,   1.5019,   5.1591,   15.5428,  46.8213
Pd2+,     46, -2,      0.935E+0, 0.311E+1, 0.246E+2,  -0.436E+2, 0.211E+2,  0.393E+0, 0.406E+1, 0.431E+2, 0.540E+2, 0.698E+2
Pd4+,     46, -4,      0.348E+0, 0.640E+0, 0.122E+1,  0.145E+1,  0.427E+0,  0.151E+0, 0.832E+0, 0.285E+1, 0.659E+1, 0.156E+2
Ag,       47, 0.0,     0.6377,   1.3790,   2.8294,    2.3631,    1.4553,    0.2466,   1.6974,   5.7656,   20.0943,  76.7372
Ag1+,     47, -1,      0.503E+0, 0.940E+0, 0.217E+1,  0.199E+1,  0.726E+0,  0.199E+0, 0.119E+1, 0.405E+1, 0.113E+2, 0.324E+2
Ag2+,     47, -2,      0.431E+0, 0.756E+0, 0.172E+1,  0.178E+1,  0.526E+0,  0.175E+0, 0.979E+0, 0.330E+1, 0.824E+1, 0.214E+2
Cd,       48, 0.0,     0.6364,   1.4247,   2.7802,    2.5973,    1.7886,    0.2407,   1.6823,   5.6588,   20.7219,  69.1109
Cd2+,     48, -2,      0.425E+0, 0.745E+0, 0.173E+1,  0.174E+1,  0.487E+0,  0.168E+0, 0.944E+0, 0.314E+1, 0.784E+1, 0.204E+2
In,       49, 0.0,     0.6768,   1.6589,   2.7740,    3.1835,    2.1326,    0.2522,   1.8545,   6.2936,   25.1457,  84.5448
In3+,     49, -3,      0.417E+0, 0.755E+0, 0.159E+1,  0.136E+1,  0.451E+0,  0.164E+0, 0.960E+0, 0.308E+1, 0.703E+1, 0.161E+2
Sn,       50, 0.0,     0.7224,   1.9610,   2.7161,    3.5603,    1.8972,    0.2651,   2.0604,   7.3011,   27.5493,  81.3349
Sn2+,     50, -2,      0.797E+0, 0.213E+1, 0.215E+1,  -0.164E+1, 0.272E+1,  0.317E+0, 0.251E+1, 0.904E+1, 0.242E+2, 0.264E+2
Sn4+,     50, -4,      0.261E+0, 0.642E+0, 0.153E+1,  0.136E+1,  0.177E+0,  0.957E-1, 0.625E+0, 0.251E+1, 0.631E+1, 0.159E+2
Sb,       51, 0.0,     0.7106,   1.9247,   2.6149,    3.8322,    1.8899,    0.2562,   1.9646,   6.8852,   24.7648,  68.9168
Sb3+,     51, -3,      0.552E+0, 0.114E+1, 0.187E+1,  0.136E+1,  0.414E+0,  0.212E+0, 0.142E+1, 0.421E+1, 0.125E+2, 0.290E+2
Sb5+,     51, -5,      0.377E+0, 0.588E+0, 0.122E+1,  0.118E+1,  0.244E+0,  0.151E+0, 0.812E+0, 0.240E+1, 0.527E+1, 0.119E+2
Te,       52, 0.0,     0.6947,   1.8690,   2.5356,    4.0013,    1.8955,    0.2459,   1.8542,   6.4411,   22.1730,  59.2206
I,        53, 0.0,     0.7047,   1.9484,   2.5940,    4.1526,    1.5057,    0.2455,   1.8638,   6.7639,   21.8007,  56.4395
I1+,      53, -1,      0.901E+0, 0.280E+1, 0.561E+1,  -0.869E+1, 0.126E+2,  0.312E+0, 0.259E+1, 0.141E+2, 0.344E+2, 0.395E+2
Xe,       54, 0.0,     0.6737,   1.7908,   2.4129,    4.2100,    1.7058,    0.2305,   1.6890,   5.8218,   18.3928,  47.2496
Cs,       55, 0.0,     1.2704,   3.8018,   5.6618,    0.9205,    4.8105,    0.4356,   4.2058,   23.4342,  136.7783, 171.7561
Cs1+,     55, -1,      0.587E+0, 0.140E+1, 0.187E+1,  0.348E+1,  0.167E+1,  0.200E+0, 0.138E+1, 0.412E+1, 0.130E+2, 0.318E+2
Ba,       56, 0.0,     0.9049,   2.6076,   4.8498,    5.1603,    4.7388,    0.3066,   2.4363,   12.1821,  54.6135,  161.9978
Ba2+,     56, -2,      0.733E+0, 0.205E+1, 0.230E+2,  -0.152E+3, 0.134E+3,  0.258E+0, 0.196E+1, 0.118E+2, 0.144E+2, 0.149E+2
La,       57, 0.0,     0.8405,   2.3863,   4.6139,    5.1514,    4.7949,    0.2791,   2.1410,   10.3400,  41.9148,  132.0204
La3+,     57, -3,      0.493E+0, 0.110E+1, 0.150E+1,  0.270E+1,  0.108E+1,  0.167E+0, 0.111E+1, 0.311E+1, 0.961E+1, 0.212E+2
Ce,       58, 0.0,     0.8551,   2.3915,   4.5772,    5.0278,    4.5118,    0.2805,   2.1200,   10.1808,  42.0633,  130.9893
Ce3+,     58, -3,      0.560E+0, 0.135E+1, 0.159E+1,  0.263E+1,  0.706E+0,  0.190E+0, 0.130E+1, 0.393E+1, 0.107E+2, 0.238E+2
Ce4+,     58, -4,      0.483E+0, 0.109E+1, 0.134E+1,  0.245E+1,  0.797E+0,  0.165E+0, 0.110E+1, 0.302E+1, 0.885E+1, 0.188E+2
Pr,       59, 0.0,     0.9096,   2.5313,   4.5266,    4.6376,    4.3690,    0.2939,   2.2471,   10.8266,  48.8842,  147.6020
Pr3+,     59, -3,      0.663E+0, 0.173E+1, 0.235E+1,  0.351E+0,  0.159E+1,  0.226E+0, 0.161E+1, 0.633E+1, 0.110E+2, 0.169E+2
Pr4+,     59, -4,      0.521E+0, 0.119E+1, 0.133E+1,  0.236E+1,  0.690E+0,  0.177E+0, 0.117E+1, 0.328E+1, 0.894E+1, 0.193E+2
Nd,       60, 0.0,     0.8807,   2.4183,   4.4448,    4.6858,    4.1725,    0.2802,   2.0836,   10.0357,  47.4506,  146.9976
Nd3+,     60, -3,      0.501E+0, 0.118E+1, 0.145E+1,  0.253E+1,  0.920E+0,  0.162E+0, 0.108E+1, 0.306E+1, 0.880E+1, 0.196E+2
Pm,       61, 0.0,     0.9471,   2.5463,   4.3523,    4.4789,    3.9080,    0.2977,   2.2276,   10.5762,  49.3619,  145.3580
Pm3+,     61, -3,      0.496E+0, 0.120E+1, 0.147E+1,  0.243E+1,  0.943E+0,  0.156E+0, 0.105E+1, 0.307E+1, 0.856E+1, 0.192E+2
Sm,       62, 0.0,     0.9699,   2.5837,   4.2778,    4.4575,    3.5985,    0.3003,   2.2447,   10.6487,  50.7994,  146.4179
Sm3+,     62, -3,      0.518E+0, 0.124E+1, 0.143E+1,  0.240E+1,  0.781E+0,  0.163E+0, 0.108E+1, 0.311E+1, 0.852E+1, 0.191E+2
Eu,       63, 0.0,     0.8694,   2.2413,   3.9196,    3.9694,    4.5498,    0.2653,   1.8590,   8.3998,   36.7397,  125.7089
Eu2+,     63, -2,      0.613E+0, 0.153E+1, 0.184E+1,  0.246E+1,  0.714E+0,  0.190E+0, 0.127E+1, 0.418E+1, 0.107E+2, 0.262E+2
Eu3+,     63, -3,      0.496E+0, 0.121E+1, 0.145E+1,  0.236E+1,  0.774E+0,  0.152E+0, 0.101E+1, 0.295E+1, 0.818E+1, 0.185E+2
Gd,       64, 0.0,     0.9673,   2.4702,   4.1148,    4.4972,    3.2099,    0.2909,   2.1014,   9.7067,   43.4270,  125.9474
Gd3+,     64, -3,      0.490E+0, 0.119E+1, 0.142E+1,  0.230E+1,  0.795E+0,  0.148E+0, 0.974E+0, 0.281E+1, 0.778E+1, 0.177E+2
Tb,       65, 0.0,     0.9325,   2.3673,   3.8791,    3.9674,    3.7996,    0.2761,   1.9511,   8.9296,   41.5937,  131.0122
Tb3+,     65, -3,      0.503E+0, 0.122E+1, 0.142E+1,  0.224E+1,  0.710E+0,  0.150E+0, 0.982E+0, 0.286E+1, 0.777E+1, 0.177E+2
Dy,       66, 0.0,     0.9505,   2.3705,   3.8218,    4.0471,    3.4451,    0.2773,   1.9469,   8.8862,   43.0938,  133.1396
Dy3+,     66, -3,      0.503E+0, 0.124E+1, 0.144E+1,  0.217E+1,  0.643E+0,  0.148E+0, 0.970E+0, 0.288E+1, 0.773E+1, 0.176E+2
Ho,       67, 0.0,     0.9248,   2.2428,   3.6182,    3.7910,    3.7912,    0.2660,   1.8183,   7.9655,   33.1129,  101.8139
Ho3+,     67, -3,      0.456E+0, 0.117E+1, 0.143E+1,  0.215E+1,  0.692E+0,  0.129E+0, 0.869E+0, 0.261E+1, 0.724E+1, 0.167E+2
Er,       68, 0.0,     1.0373,   2.4824,   3.6558,    3.8925,    3.0056,    0.2944,   2.0797,   9.4156,   45.8056,  132.7720
Er3+,     68, -3,      0.522E+0, 0.128E+1, 0.146E+1,  0.205E+1,  0.508E+0,  0.150E+0, 0.964E+0, 0.293E+1, 0.772E+1, 0.178E+2
Tm3+,     69, -3,      0.475E+0, 0.120E+1, 0.142E+1,  0.205E+1,  0.584E+0,  0.132E+0, 0.864E+0, 0.260E+1, 0.709E+1, 0.166E+2
Yb,       70, 0.0,     1.0347,   2.3911,   3.4619,    3.6556,    3.0052,    0.2855,   1.9679,   8.7619,   42.3304,  125.6499
Yb2+,     70, -2,      0.508E+0, 0.137E+1, 0.176E+1,  0.223E+1,  0.584E+0,  0.136E+0, 0.922E+0, 0.312E+1, 0.872E+1, 0.237E+2
Yb3+,     70, -3,      0.498E+0, 0.122E+1, 0.139E+1,  0.197E+1,  0.559E+0,  0.138E+0, 0.881E+0, 0.263E+1, 0.699E+1, 0.163E+2
Lu,       71, 0.0,     0.9927,   2.2436,   3.3554,    3.7813,    3.0994,    0.2701,   1.8073,   7.8112,   34.4849,  103.3526
Lu3+,     71, -3,      0.483E+0, 0.121E+1, 0.141E+1,  0.194E+1,  0.522E+0,  0.131E+0, 0.845E+0, 0.257E+1, 0.688E+1, 0.162E+2
Hf,       72, 0.0,     1.0295,   2.2911,   3.4110,    3.9497,    2.4925,    0.2761,   1.8625,   8.0961,   34.2712,  98.5295
Hf4+,     72, -4,      0.522E+0, 0.122E+1, 0.137E+1,  0.168E+1,  0.312E+0,  0.145E+0, 0.896E+0, 0.274E+1, 0.691E+1, 0.161E+2
Ta,       73, 0.0,     1.0190,   2.2291,   3.4097,    3.9252,    2.2679,    0.2694,   1.7962,   7.6944,   31.0942,  91.1089
Ta5+,     73, -5,      0.569E+0, 0.126E+1, 0.979E+0,  0.129E+1,  0.551E+0,  0.161E+0, 0.972E+0, 0.276E+1, 0.540E+1, 0.109E+2
W,        74, 0.0,     0.9853,   2.1167,   3.3570,    3.7981,    2.2798,    0.2569,   1.6745,   7.0098,   26.9234,  81.3910
W6+,      74, -6,      0.181E+0, 0.873E+0, 0.118E+1,  0.148E+1,  0.562E+0,  0.118E-1, 0.442E+0, 0.152E+1, 0.435E+1, 0.942E+1
Re,       75, 0.0,     0.9914,   2.0858,   3.4531,    3.8812,    1.8526,    0.2548,   1.6518,   6.8845,   26.7234,  81.7215
Os,       76, 0.0,     0.9813,   2.0322,   3.3665,    3.6235,    1.9741,    0.2487,   1.5973,   6.4737,   23.2817,  70.9254
Os4+,     76, -4,      0.586E+0, 0.131E+1, 0.163E+1,  0.171E+1,  0.540E+0,  0.155E+0, 0.938E+0, 0.319E+1, 0.784E+1, 0.193E+2
Ir,       77, 0.0,     1.0194,   2.0645,   3.4425,    3.4914,    1.6976,    0.2554,   1.6475,   6.5966,   23.2269,  70.0272
Ir3+,     77, -3,      0.692E+0, 0.137E+1, 0.180E+1,  0.197E+1,  0.804E+0,  0.182E+0, 0.104E+1, 0.347E+1, 0.851E+1, 0.212E+2
Ir4+,     77, -4,      0.653E+0, 0.129E+1, 0.150E+1,  0.174E+1,  0.683E+0,  0.174E+0, 0.992E+0, 0.314E+1, 0.722E+1, 0.172E+2
Pt,       78, 0.0,     0.9148,   1.8096,   3.2134,    3.2953,    1.5754,    0.2263,   1.3813,   5.3243,   17.5987,  60.0171
Pt2+,     78, -2,      0.872E+0, 0.168E+1, 0.263E+1,  0.193E+1,  0.475E+0,  0.223E+0, 0.135E+1, 0.499E+1, 0.136E+2, 0.330E+2
Pt4+,     78, -4,      0.550E+0, 0.121E+1, 0.162E+1,  0.195E+1,  0.610E+0,  0.142E+0, 0.833E+0, 0.281E+1, 0.721E+1, 0.177E+2
Au,       79, 0.0,     0.9674,   1.8916,   3.3993,    3.0524,    1.2607,    0.2358,   1.4712,   5.6758,   18.7119,  61.5286
Au1+,     79, -1,      0.811E+0, 0.157E+1, 0.263E+1,  0.268E+1,  0.998E+0,  0.201E+0, 0.118E+1, 0.425E+1, 0.121E+2, 0.344E+2
Au3+,     79, -3,      0.722E+0, 0.139E+1, 0.194E+1,  0.194E+1,  0.699E+0,  0.184E+0, 0.106E+1, 0.358E+1, 0.856E+1, 0.204E+2
Hg,       80, 0.0,     1.0033,   1.9469,   3.4396,    3.1548,    1.4180,    0.2413,   1.5298,   5.8009,   19.4520,  60.5753
Hg1+,     80, -1,      0.796E+0, 0.156E+1, 0.272E+1,  0.276E+1,  0.118E+1,  0.194E+0, 0.114E+1, 0.421E+1, 0.124E+2, 0.362E+2
Hg2+,     80, -2,      0.773E+0, 0.149E+1, 0.245E+1,  0.223E+1,  0.570E+0,  0.191E+0, 0.112E+1, 0.400E+1, 0.108E+2, 0.276E+2
Tl,       81, 0.0,     1.0689,   2.1038,   3.6039,    3.4927,    1.8283,    0.2540,   1.6715,   6.3509,   23.1531,  78.7099
Tl1+,     81, -1,      0.820E+0, 0.157E+1, 0.278E+1,  0.282E+1,  0.131E+1,  0.197E+0, 0.116E+1, 0.423E+1, 0.127E+2, 0.357E+2
Tl3+,     81, -3,      0.836E+0, 0.143E+1, 0.394E+0,  0.251E+1,  0.150E+1,  0.208E+0, 0.120E+1, 0.257E+1, 0.486E+1, 0.135E+2
Pb,       82, 0.0,     1.0891,   2.1867,   3.6160,    3.8031,    1.8994,    0.2552,   1.7174,   6.5131,   23.9170,  74.7039
Pb2+,     82, -2,      0.755E+0, 0.144E+1, 0.248E+1,  0.245E+1,  0.103E+1,  0.181E+0, 0.105E+1, 0.375E+1, 0.106E+2, 0.279E+2
Pb4+,     82, -4,      0.583E+0, 0.114E+1, 0.160E+1,  0.206E+1,  0.662E+0,  0.144E+0, 0.796E+0, 0.258E+1, 0.622E+1, 0.148E+2
Bi,       83, 0.0,     1.1007,   2.2306,   3.5689,    4.1549,    2.0382,    0.2546,   1.7351,   6.4948,   23.6464,  70.3780
Bi3+,     83, -3,      0.708E+0, 0.135E+1, 0.228E+1,  0.218E+1,  0.797E+0,  0.170E+0, 0.981E+0, 0.344E+1, 0.941E+1, 0.237E+2
Bi5+,     83, -5,      0.654E+0, 0.118E+1, 0.125E+1,  0.166E+1,  0.778E+0,  0.162E+0, 0.905E+0, 0.268E+1, 0.514E+1, 0.112E+2
Po,       84, 0.0,     1.1568,   2.4353,   3.6459,    4.4064,    1.7179,    0.2648,   1.8786,   7.1749,   25.1766,  69.2821
At,       85, 0.0,     1.0909,   2.1976,   3.3831,    4.6700,    2.1277,    0.2466,   1.6707,   6.0197,   20.7657,  57.2663
Rn,       86, 0.0,     1.0756,   2.1630,   3.3178,    4.8852,    2.0489,    0.2402,   1.6169,   5.7644,   19.4568,  52.5009
Fr,       87, 0.0,     1.4282,   3.5081,   5.6767,    4.1964,    3.8946,    0.3183,   2.6889,   13.4816,  54.3866,  200.8321
Ra,       88, 0.0,     1.3127,   3.1243,   5.2988,    5.3891,    5.4133,    0.2887,   2.2897,   10.8276,  43.5389,  145.6109
Ra2+,     88, -2,      0.911E+0, 0.165E+1, 0.253E+1,  0.362E+1,  0.158E+1,  0.204E+0, 0.126E+1, 0.403E+1, 0.126E+2, 0.300E+2
Ac,       89, 0.0,     1.3128,   3.1021,   5.3385,    5.9611,    4.7562,    0.2861,   2.2509,   10.5287,  41.7796,  128.2973
Ac3+,     89, -3,      0.915E+0, 0.164E+1, 0.226E+1,  0.318E+1,  0.125E+1,  0.205E+0, 0.128E+1, 0.392E+1, 0.113E+2, 0.251E+2
Th,       90, 0.0,     1.2553,   2.9178,   5.0862,    6.1206,    4.7122,    0.2701,   2.0636,   9.3051,   34.5977,  107.9200
Pa,       91, 0.0,     1.3218,   3.1444,   5.4371,    5.6444,    4.0107,    0.2827,   2.2250,   10.2454,  41.1162,  124.4449
U,        92, 0.0,     1.3382,   3.2043,   5.4558,    5.4839,    3.6342,    0.2838,   2.2452,   10.2519,  41.7251,  124.9023
U3+,      92, -3,      0.114E+1, 0.248E+1, 0.361E+1,  0.113E+1,  0.900E+0,  0.250E+0, 0.184E+1, 0.739E+1, 0.180E+2, 0.227E+2
U4+,      92, -4,      0.109E+1, 0.232E+1, 0.120E+2,  -0.911E+1, 0.215E+1,  0.243E+0, 0.175E+1, 0.779E+1, 0.831E+1, 0.165E+2
U6+,      92, -6,      0.687E+0, 0.114E+1, 0.183E+1,  0.253E+1,  0.957E+0,  0.154E+0, 0.861E+0, 0.258E+1, 0.770E+1, 0.159E+2
Np,       93, 0.0,     1.5193,   4.0053,   6.5327,   -0.1402,   6.7489,    0.3213,   2.8206,   14.8878,  68.9103,  81.7257
Pu,       94, 0.0,     1.3517,   3.2937,   5.3213,    4.6466,    3.5714,    0.2813,   2.2418,   9.9952,   42.7939,  132.1739
Am,       95, 0.0,     1.2135,   2.7962,   4.7545,    4.5731,    4.4786,    0.2483,   1.8437,   7.5421,   29.3841,  112.4579
Cm,       96, 0.0,     1.2937,   3.1100,   5.0393,    4.7546,    3.5031,    0.2638,   2.0341,   8.7101,   35.2992,  109.4972
Bk,       97, 0.0,     1.2915,   3.1023,   4.9309,    4.6009,    3.4661,    0.2611,   2.0023,   8.4377,   34.1559,  105.8911
Cf,       98, 0.0,     1.2089,   2.7391,   4.3482,    4.0047,    4.6497,    0.2421,   1.7487,   6.7262,   23.2153,  80.3108